  2   -2        1.50   -0.44462932223493E+00 
  2   -1        6.00    0.18995809906915E+00 
  2    0        1.00   -0.28805300118529E+01 
  2    1        6.00   -0.18704368093494E-01 
  2    2        1.50   -0.25780259505465E+01 

  4   -4       17.50   -0.85038272498792E-02 
  4   -3      140.00   -0.10636805872332E-02 
  4   -2       10.00    0.11173217340757E-01 
  4   -1       20.00   -0.57726194415343E-03 
  4    0        1.00    0.17049919555727E-02 
  4    1       20.00   -0.13450366296335E-02 
  4    2       10.00    0.17330823409585E-01 
  4    3      140.00   -0.72344803305125E-02 
  4    4       17.50    0.19651648314250E-01 

  6   -6       57.75    0.10302091690021E-03 
  6   -5      693.00   -0.88236718190445E-04 
  6   -4       31.50   -0.12683074384818E-03 
  6   -3      105.00    0.52130472577803E-04 
  6   -2       26.25    0.60293030463453E-04 
  6   -1       42.00   -0.15962184420695E-04 
  6    0        1.00   -0.18148834128447E-04 
  6    1       42.00    0.40858835068618E-04 
  6    2       26.25   -0.22805873239115E-03 
  6    3      105.00    0.92532527007978E-05 
  6    4       31.50   -0.34281274783229E-04 
  6    5      693.00   -0.37505522483672E-04 
  6    6       57.75   -0.17123535052997E-03 

  8   -8     3217.50   -0.24002670555117E-08 
  8   -7    51480.00    0.34884445694017E-08 
  8   -6     1716.00   -0.37925177097045E-07 
  8   -5    72072.00    0.54884428726143E-07 
  8   -4     1386.00    0.80570660893836E-07 
  8   -3     9240.00   -0.67070041606829E-07 
  8   -2     1260.00    0.36793241266991E-08 
  8   -1       72.00    0.26341277255248E-08 
  8    0        1.00    0.60417476347800E-08 
  8    1       72.00   -0.49015540687130E-08 
  8    2     1260.00    0.36280892059437E-06 
  8    3     9240.00    0.10574009213729E-06 
  8    4     1386.00    0.17168814127701E-07 
  8    5    72072.00    0.72180134082861E-07 
  8    6     1716.00    0.79443761731306E-07 
  8    7    51480.00   -0.29481115880856E-09 
  8    8     3217.50    0.65828770130469E-07 

 10  -10    11547.25    0.14634399975422E-08 
 10   -9   230945.00   -0.10769703800800E-08 
 10   -8     6077.50   -0.76991359695950E-09 
 10   -7    36465.00    0.35853622725891E-09 
 10   -6      536.25   -0.22102025119841E-09 
 10   -5     1716.00    0.12125703851569E-09 
 10   -4     4290.00   -0.33011134131089E-09 
 10   -3     8580.00    0.62163315871684E-10 
 10   -2       82.50   -0.69696757612267E-10 
 10   -1      110.00   -0.47050630955188E-10 
 10    0        1.00   -0.29642207716819E-10 
 10    1      110.00   -0.10737025018165E-10 
 10    2       82.50   -0.45143790028052E-09 
 10    3     8580.00   -0.15736549800206E-09 
 10    4     4290.00   -0.12327238112252E-08 
 10    5     1716.00   -0.71168291944854E-10 
 10    6      536.25    0.12013298981747E-09 
 10    7    36465.00    0.35061744629929E-10 
 10    8     6077.50   -0.31389679983166E-09 
 10    9   230945.00   -0.17454926936760E-09 
 10   10    11547.25   -0.67983175791513E-09 

 12  -12   169009.75   -0.69822291073582E-11 
 12  -11  4056234.00    0.45284648422456E-11 
 12  -10    88179.00    0.18473654606385E-11 
 12   -9   646646.00    0.22202612648219E-11 
 12   -8    69283.50    0.24873742679373E-11 
 12   -7   277134.00   -0.28792067219716E-11 
 12   -6     2431.00    0.11169910978563E-11 
 12   -5   306306.00   -0.96644257790616E-12 
 12   -4     2252.25    0.68897744108972E-12 
 12   -3     4004.00    0.56097954098413E-12 
 12   -2     6006.00   -0.18019599435321E-12 
 12   -1      156.00    0.27805304941047E-13 
 12    0        1.00    0.11934981710552E-12 
 12    1      156.00    0.36480575166815E-12 
 12    2     6006.00    0.86004429357093E-11 
 12    3     4004.00   -0.45792515335826E-12 
 12    4     2252.25    0.23017296163273E-11 
 12    5   306306.00    0.20789856747326E-11 
 12    6     2431.00    0.36388516975944E-12 
 12    7   277134.00    0.44848686679680E-11 
 12    8    69283.50   -0.49263531769424E-11 
 12    9   646646.00   -0.35581553925614E-11 
 12   10    88179.00    0.40106546411430E-11 
 12   11  4056234.00    0.63829750115797E-11 
 12   12   169009.75    0.36509843298859E-11 
